##FastQC	0.11.8
>>Basic Statistics	pass
#Measure	Value
Filename	1G_data_fastq
File type	Conventional base calls
Encoding	Sanger / Illumina 1.9
Total Sequences	1000
Sequences flagged as poor quality	0
Sequence length	100
%GC	42
>>END_MODULE
>>Per base sequence quality	pass
#Base	Mean	Median	Lower Quartile	Upper Quartile	10th Percentile	90th Percentile
1	39.499	39.0	39.0	41.0	38.0	41.0
2	39.537	40.0	39.0	40.0	38.0	41.0
3	39.482	40.0	38.0	41.0	38.0	41.0
4	39.471	39.0	38.0	40.0	38.0	41.0
5	39.439	39.0	38.0	40.0	38.0	41.0
6	39.438	39.0	38.0	40.0	38.0	41.0
7	39.41	39.0	38.0	40.0	38.0	41.0
8	39.463	39.0	38.0	40.0	38.0	41.0
9	39.39	39.0	38.0	40.0	38.0	41.0
10-11	39.3655	39.0	38.0	40.0	38.0	41.0
12-13	39.3155	39.0	38.0	40.0	38.0	41.0
14-15	39.2595	39.0	38.0	40.0	38.0	41.0
16-17	39.1815	39.0	38.0	40.0	38.0	41.0
18-19	39.0055	39.0	38.0	40.0	37.0	41.0
20-21	38.935500000000005	39.0	38.0	40.0	37.0	41.0
22-23	38.769	39.0	38.0	40.0	37.0	40.0
24-25	38.676	39.0	38.0	40.0	37.0	40.0
26-27	38.498000000000005	38.0	37.5	39.5	37.0	40.0
28-29	38.407	38.5	37.0	39.5	37.0	40.0
30-31	38.2085	38.0	37.0	39.0	37.0	40.0
32-33	37.986999999999995	38.0	37.0	39.0	36.0	39.5
34-35	37.8445	38.0	37.0	39.0	36.0	39.0
36-37	37.587999999999994	38.0	37.0	39.0	36.0	39.0
38-39	37.412000000000006	37.0	36.0	38.5	36.0	39.0
40-41	37.135999999999996	37.0	36.0	38.0	36.0	39.0
42-43	36.83	37.0	36.0	38.0	35.0	38.0
44-45	36.679	37.0	36.0	38.0	35.0	38.0
46-47	36.3845	36.5	35.0	37.0	35.0	38.0
48-49	36.1495	36.0	35.0	37.0	34.5	38.0
50-51	35.767	36.0	35.0	37.0	34.0	37.5
52-53	35.5105	35.0	34.5	37.0	34.0	37.0
54-55	35.212	35.0	34.0	36.0	33.5	37.0
56-57	34.834999999999994	35.0	34.0	36.0	33.0	36.5
58-59	34.5665	34.5	33.5	35.5	33.0	36.0
60-61	34.2065	34.0	33.0	35.0	32.5	36.0
62-63	33.821	34.0	33.0	35.0	32.0	35.5
64-65	33.429	33.0	32.0	34.0	32.0	35.0
66-67	33.06	33.0	32.0	34.0	31.5	35.0
68-69	32.696	33.0	32.0	34.0	31.0	34.0
70-71	32.2755	32.0	31.0	33.0	30.5	34.0
72-73	31.85	32.0	31.0	33.0	30.0	33.5
74-75	31.375	31.5	30.0	32.5	30.0	33.0
76-77	30.9345	31.0	30.0	32.0	29.0	32.5
78-79	30.5205	30.5	29.5	31.5	29.0	32.0
80-81	30.0315	30.0	29.0	31.0	28.5	32.0
82-83	29.558500000000002	29.5	28.5	30.5	28.0	31.0
84-85	29.037	29.0	28.0	30.0	27.5	30.5
86-87	28.491500000000002	28.5	27.5	29.5	27.0	30.0
88-89	28.011	28.0	27.0	29.0	26.5	29.5
90-91	27.509	27.5	26.5	28.5	26.0	29.0
92-93	26.954	27.0	26.0	28.0	25.0	28.5
94-95	26.3695	26.0	25.5	27.0	25.0	28.0
96-97	25.823	26.0	25.0	27.0	24.0	27.5
98-99	25.222	25.0	24.0	26.0	23.5	27.0
100	24.789	25.0	24.0	26.0	23.0	26.0
>>END_MODULE
>>Per sequence quality scores	pass
#Quality	Count
34	1000.0
>>END_MODULE
>>Per base sequence content	pass
#Base	G	A	T	C
1	20.0	30.4	27.200000000000003	22.400000000000002
2	20.5	29.5	29.599999999999998	20.4
3	21.3	30.5	26.900000000000002	21.3
4	20.1	30.0	29.7	20.200000000000003
5	19.900000000000002	28.9	28.1	23.1
6	20.7	28.4	30.5	20.4
7	22.1	29.7	24.6	23.599999999999998
8	18.8	30.3	31.6	19.3
9	20.1	31.3	27.1	21.5
10-11	21.4	29.7	27.650000000000002	21.25
12-13	21.7	28.65	28.199999999999996	21.45
14-15	20.45	29.25	28.9	21.4
16-17	21.4	30.55	27.900000000000002	20.150000000000002
18-19	21.0	29.5	28.000000000000004	21.5
20-21	21.05	27.800000000000004	28.549999999999997	22.6
22-23	19.900000000000002	30.349999999999998	27.750000000000004	22.0
24-25	23.400000000000002	29.549999999999997	26.650000000000002	20.4
26-27	20.549999999999997	29.4	28.249999999999996	21.8
28-29	21.75	29.5	27.3	21.45
30-31	21.9	30.4	27.900000000000002	19.8
32-33	20.25	30.55	27.700000000000003	21.5
34-35	20.65	28.799999999999997	29.349999999999998	21.2
36-37	22.6	29.9	27.900000000000002	19.6
38-39	20.150000000000002	28.999999999999996	29.349999999999998	21.5
40-41	21.9	29.799999999999997	27.250000000000004	21.05
42-43	21.95	26.8	30.0	21.25
44-45	22.3	28.449999999999996	28.849999999999998	20.4
46-47	21.95	28.15	28.749999999999996	21.15
48-49	19.75	30.099999999999998	28.499999999999996	21.65
50-51	21.0	30.75	27.200000000000003	21.05
52-53	21.0	29.4	29.5	20.1
54-55	20.7	28.15	31.1	20.05
56-57	19.6	30.95	28.499999999999996	20.95
58-59	22.25	28.549999999999997	27.800000000000004	21.4
60-61	20.549999999999997	28.549999999999997	29.2	21.7
62-63	20.45	29.7	29.799999999999997	20.05
64-65	21.25	29.799999999999997	28.799999999999997	20.150000000000002
66-67	20.45	30.0	28.9	20.65
68-69	20.4	29.599999999999998	29.4	20.599999999999998
70-71	20.849999999999998	28.15	30.2	20.8
72-73	22.400000000000002	27.800000000000004	28.299999999999997	21.5
74-75	20.849999999999998	29.9	29.5	19.75
76-77	22.45	27.35	30.65	19.55
78-79	21.75	28.9	28.999999999999996	20.349999999999998
80-81	21.3	28.65	28.999999999999996	21.05
82-83	21.2	28.849999999999998	29.849999999999998	20.1
84-85	22.75	28.4	28.15	20.7
86-87	20.1	28.4	29.349999999999998	22.15
88-89	21.0	27.150000000000002	29.849999999999998	22.0
90-91	21.099999999999998	29.5	29.099999999999998	20.3
92-93	22.15	29.65	27.35	20.849999999999998
94-95	19.0	29.65	27.85	23.5
96-97	19.900000000000002	28.65	28.549999999999997	22.900000000000002
98-99	22.05	28.65	29.25	20.05
100	20.5	28.199999999999996	30.3	21.0
>>END_MODULE
>>Per sequence GC content	warn
#GC Content	Count
0	0.0
1	0.0
2	0.0
3	0.0
4	0.0
5	0.0
6	0.0
7	0.0
8	0.0
9	0.5
10	0.5
11	0.5
12	0.5
13	0.0
14	0.5
15	0.5
16	0.5
17	1.5
18	1.0
19	1.0
20	2.0
21	2.5
22	3.5
23	4.5
24	6.5
25	8.5
26	9.0
27	13.5
28	21.0
29	25.5
30	25.5
31	25.0
32	29.0
33	27.5
34	24.5
35	29.0
36	31.5
37	37.5
38	40.0
39	39.0
40	39.5
41	34.0
42	32.5
43	39.0
44	33.5
45	26.5
46	27.0
47	26.0
48	29.0
49	31.5
50	34.0
51	32.0
52	33.5
53	26.5
54	16.5
55	17.0
56	15.0
57	15.0
58	14.0
59	11.0
60	8.5
61	6.5
62	6.0
63	4.0
64	2.5
65	3.5
66	4.5
67	4.5
68	3.0
69	2.5
70	2.5
71	1.5
72	0.5
73	0.0
74	0.5
75	0.5
76	0.0
77	0.0
78	0.0
79	0.0
80	0.0
81	0.5
82	0.5
83	0.0
84	0.5
85	0.5
86	0.0
87	0.5
88	1.0
89	0.5
90	0.0
91	0.0
92	0.0
93	0.0
94	0.0
95	0.0
96	0.0
97	0.0
98	0.0
99	0.0
100	0.0
>>END_MODULE
>>Per base N content	pass
#Base	N-Count
1	0.0
2	0.0
3	0.0
4	0.0
5	0.0
6	0.0
7	0.0
8	0.0
9	0.0
10-11	0.0
12-13	0.0
14-15	0.0
16-17	0.0
18-19	0.0
20-21	0.0
22-23	0.0
24-25	0.0
26-27	0.0
28-29	0.0
30-31	0.0
32-33	0.0
34-35	0.0
36-37	0.0
38-39	0.0
40-41	0.0
42-43	0.0
44-45	0.0
46-47	0.0
48-49	0.0
50-51	0.0
52-53	0.0
54-55	0.0
56-57	0.0
58-59	0.0
60-61	0.0
62-63	0.0
64-65	0.0
66-67	0.0
68-69	0.0
70-71	0.0
72-73	0.0
74-75	0.0
76-77	0.0
78-79	0.0
80-81	0.0
82-83	0.0
84-85	0.0
86-87	0.0
88-89	0.0
90-91	0.0
92-93	0.0
94-95	0.0
96-97	0.0
98-99	0.0
100	0.0
>>END_MODULE
>>Sequence Length Distribution	pass
#Length	Count
100	1000.0
>>END_MODULE
>>Sequence Duplication Levels	pass
#Total Deduplicated Percentage	100.0
#Duplication Level	Percentage of deduplicated	Percentage of total
1	100.0	100.0
2	0.0	0.0
3	0.0	0.0
4	0.0	0.0
5	0.0	0.0
6	0.0	0.0
7	0.0	0.0
8	0.0	0.0
9	0.0	0.0
>10	0.0	0.0
>50	0.0	0.0
>100	0.0	0.0
>500	0.0	0.0
>1k	0.0	0.0
>5k	0.0	0.0
>10k+	0.0	0.0
>>END_MODULE
>>Overrepresented sequences	pass
>>END_MODULE
>>Adapter Content	pass
#Position	Illumina Universal Adapter	Illumina Small RNA 3' Adapter	Illumina Small RNA 5' Adapter	Nextera Transposase Sequence	SOLID Small RNA Adapter
1	0.0	0.0	0.0	0.0	0.0
2	0.0	0.0	0.0	0.0	0.0
3	0.0	0.0	0.0	0.0	0.0
4	0.0	0.0	0.0	0.0	0.0
5	0.0	0.0	0.0	0.0	0.0
6	0.0	0.0	0.0	0.0	0.0
7	0.0	0.0	0.0	0.0	0.0
8	0.0	0.0	0.0	0.0	0.0
9	0.0	0.0	0.0	0.0	0.0
10-11	0.0	0.0	0.0	0.0	0.0
12-13	0.0	0.0	0.0	0.0	0.0
14-15	0.0	0.0	0.0	0.0	0.0
16-17	0.0	0.0	0.0	0.0	0.0
18-19	0.0	0.0	0.0	0.0	0.0
20-21	0.0	0.0	0.0	0.0	0.0
22-23	0.0	0.0	0.0	0.0	0.0
24-25	0.0	0.0	0.0	0.0	0.0
26-27	0.0	0.0	0.0	0.0	0.0
28-29	0.0	0.0	0.0	0.0	0.0
30-31	0.0	0.0	0.0	0.0	0.0
32-33	0.0	0.0	0.0	0.0	0.0
34-35	0.0	0.0	0.0	0.0	0.0
36-37	0.0	0.0	0.0	0.0	0.0
38-39	0.0	0.0	0.0	0.0	0.0
40-41	0.0	0.0	0.0	0.0	0.0
42-43	0.0	0.0	0.0	0.0	0.0
44-45	0.0	0.0	0.0	0.0	0.0
46-47	0.0	0.0	0.0	0.0	0.0
48-49	0.0	0.0	0.0	0.0	0.0
50-51	0.0	0.0	0.0	0.0	0.0
52-53	0.0	0.0	0.0	0.0	0.0
54-55	0.0	0.0	0.0	0.0	0.0
56-57	0.0	0.0	0.0	0.0	0.0
58-59	0.0	0.0	0.0	0.0	0.0
60-61	0.0	0.0	0.0	0.0	0.0
62-63	0.0	0.0	0.0	0.0	0.0
64-65	0.0	0.0	0.0	0.0	0.0
66-67	0.0	0.0	0.0	0.0	0.0
68-69	0.0	0.0	0.0	0.0	0.0
70-71	0.0	0.0	0.0	0.0	0.0
72-73	0.0	0.0	0.0	0.0	0.0
74-75	0.0	0.0	0.0	0.0	0.0
76-77	0.0	0.0	0.0	0.0	0.0
78-79	0.0	0.0	0.0	0.0	0.0
80-81	0.0	0.0	0.0	0.0	0.0
82-83	0.0	0.0	0.0	0.0	0.0
84-85	0.0	0.0	0.0	0.0	0.0
86-87	0.0	0.0	0.0	0.0	0.0
88	0.0	0.0	0.0	0.0	0.0
>>END_MODULE
